[[24. 24. 24. ... 24. 24. 24.]
 [24. 24. 24. ... 24. 24. 24.]
 [24. 24. 24. ... 24. 24. 24.]
 ...
 [ 5. 10. 12. ... 25. 25. 25.]
 [ 3.  9. 10. ... 25. 25.  8.]
 [ 0.  4. 25. ...  1.  8.  7.]]

[[0.000e+00 3.350e+03]
 [1.000e+00 1.788e+03]
 [2.000e+00 1.023e+03]
 [3.000e+00 4.610e+02]
 [4.000e+00 2.040e+02]
 [5.000e+00 1.440e+02]
 [6.000e+00 8.600e+01]
 [7.000e+00 8.000e+01]
 [8.000e+00 9.300e+01]
 [9.000e+00 8.300e+01]
 [1.000e+01 9.900e+01]
 [1.100e+01 1.640e+02]
 [1.200e+01 3.770e+02]
 [1.300e+01 4.370e+02]
 [1.400e+01 1.370e+02]
 [1.500e+01 1.600e+02]
 [1.600e+01 8.800e+01]
 [1.700e+01 1.260e+02]
 [1.800e+01 1.090e+02]
 [1.900e+01 1.780e+02]
 [2.000e+01 1.800e+02]
 [2.100e+01 3.660e+02]
 [2.200e+01 9.100e+02]
 [2.300e+01 1.840e+03]
 [2.400e+01 4.247e+03]
 [2.500e+01 2.587e+04]]

[0.0786385  0.04197183 0.02401408 0.0108216  0.00478873 0.00338028
 0.00201878 0.00187793 0.0021831  0.00194836 0.00232394 0.00384977
 0.00884977 0.01025822 0.00321596 0.00375587 0.00206573 0.00295775
 0.00255869 0.0041784  0.00422535 0.00859155 0.0213615  0.04319249
 0.09969484 0.607277  ]

########